Tempo decorrido na ordenação: 1.87892

Vetor ordenado:
[4, 5, 9, 10, 13, 21, 22, 25, 27, 29, 29, 32, 36, 40, 41, 42, 43, 46, 48, 54, 
54, 58, 59, 59, 66, 68, 71, 72, 73, 74, 76, 78, 84, 86, 89, 91, 91, 100, 102, 114, 
120, 122, 124, 130, 133, 138, 138, 139, 140, 140, 141, 143, 143, 145, 147, 147, 149, 149, 154, 154, 
155, 160, 163, 166, 169, 171, 176, 183, 190, 190, 191, 194, 202, 206, 206, 213, 214, 217, 217, 226, 
228, 230, 236, 237, 238, 242, 246, 249, 251, 254, 254, 260, 260, 261, 269, 270, 289, 290, 293, 298, 
301, 304, 305, 305, 306, 319, 327, 331, 334, 336, 338, 349, 352, 362, 363, 367, 370, 372, 378, 379, 
384, 388, 389, 392, 398, 399, 404, 404, 407, 416, 419, 421, 422, 424, 425, 430, 436, 438, 441, 442, 
445, 453, 457, 463, 468, 469, 471, 472, 475, 476, 480, 482, 485, 486, 486, 489, 490, 492, 496, 498, 
503, 504, 507, 522, 523, 528, 529, 529, 531, 531, 533, 541, 543, 553, 554, 556, 564, 566, 569, 574, 
580, 582, 584, 593, 595, 598, 599, 604, 607, 607, 609, 609, 611, 611, 614, 618, 618, 622, 626, 629, 
631, 631, 637, 641, 648, 651, 654, 656, 657, 659, 659, 662, 667, 670, 676, 680, 682, 685, 685, 691, 
691, 692, 693, 693, 694, 694, 696, 699, 699, 701, 703, 705, 708, 710, 717, 727, 728, 732, 735, 743, 
745, 749, 751, 752, 755, 760, 764, 764, 767, 768, 769, 769, 772, 774, 774, 779, 779, 787, 787, 789, 
789, 793, 801, 814, 822, 827, 828, 832, 833, 834, 839, 840, 840, 842, 846, 847, 847, 851, 864, 869, 
870, 875, 876, 892, 894, 894, 899, 900, 901, 906, 907, 912, 913, 918, 923, 931, 936, 941, 944, 944, 
953, 955, 959, 980, 980, 986, 990, 991, 1006, 1009, 1010, 1013, 1013, 1015, 1018, 1019, 1024, 1026, 1029, 1031, 
1042, 1049, 1053, 1053, 1053, 1055, 1057, 1065, 1072, 1072, 1085, 1086, 1089, 1095, 1106, 1107, 1119, 1125, 1125, 1128, 
1132, 1132, 1136, 1136, 1138, 1144, 1147, 1151, 1155, 1158, 1163, 1165, 1174, 1182, 1184, 1188, 1201, 1202, 1206, 1207, 
1207, 1216, 1220, 1222, 1226, 1227, 1228, 1230, 1239, 1244, 1245, 1245, 1258, 1260, 1265, 1266, 1268, 1269, 1269, 1272, 
1274, 1277, 1279, 1279, 1281, 1282, 1283, 1287, 1294, 1321, 1326, 1332, 1335, 1339, 1340, 1341, 1345, 1349, 1356, 1361, 
1364, 1365, 1365, 1365, 1367, 1382, 1383, 1387, 1391, 1392, 1397, 1402, 1406, 1406, 1406, 1409, 1411, 1412, 1412, 1417, 
1422, 1426, 1431, 1437, 1440, 1442, 1444, 1445, 1446, 1448, 1449, 1453, 1455, 1458, 1459, 1466, 1467, 1473, 1477, 1480, 
1483, 1483, 1495, 1496, 1497, 1498, 1501, 1504, 1512, 1516, 1517, 1524, 1528, 1529, 1529, 1535, 1538, 1539, 1540, 1540, 
1544, 1547, 1550, 1551, 1553, 1561, 1564, 1564, 1566, 1569, 1571, 1571, 1576, 1577, 1588, 1588, 1589, 1589, 1595, 1596, 
1605, 1607, 1609, 1611, 1616, 1621, 1621, 1624, 1624, 1627, 1627, 1627, 1628, 1638, 1644, 1651, 1655, 1656, 1656, 1662, 
1663, 1663, 1664, 1668, 1671, 1671, 1676, 1678, 1678, 1680, 1684, 1684, 1693, 1695, 1696, 1698, 1700, 1700, 1702, 1708, 
1711, 1712, 1715, 1718, 1722, 1724, 1724, 1726, 1728, 1729, 1731, 1732, 1732, 1736, 1738, 1742, 1752, 1753, 1755, 1759, 
1764, 1769, 1770, 1771, 1772, 1775, 1776, 1777, 1790, 1791, 1793, 1800, 1803, 1808, 1811, 1814, 1815, 1819, 1819, 1826, 
1828, 1828, 1829, 1833, 1836, 1837, 1841, 1843, 1848, 1849, 1850, 1852, 1853, 1863, 1865, 1867, 1867, 1870, 1882, 1882, 
1883, 1884, 1886, 1888, 1891, 1893, 1898, 1899, 1900, 1904, 1906, 1909, 1909, 1913, 1916, 1917, 1921, 1925, 1925, 1926, 
1926, 1927, 1928, 1933, 1934, 1936, 1937, 1942, 1944, 1950, 1952, 1955, 1955, 1968, 1970, 1971, 1982, 1985, 1989, 1991, 
1992, 1992, 1994, 1994, 1998, 2000, 2004, 2008, 2012, 2017, 2019, 2020, 2022, 2029, 2031, 2040, 2044, 2046, 2048, 2051, 
2055, 2062, 2065, 2066, 2066, 2067, 2072, 2074, 2083, 2086, 2089, 2089, 2089, 2094, 2095, 2095, 2096, 2098, 2106, 2112, 
2113, 2126, 2126, 2126, 2137, 2138, 2139, 2140, 2141, 2145, 2146, 2151, 2152, 2155, 2162, 2169, 2174, 2179, 2182, 2184, 
2187, 2188, 2193, 2200, 2207, 2209, 2210, 2212, 2221, 2223, 2224, 2225, 2233, 2238, 2243, 2245, 2258, 2258, 2259, 2264, 
2265, 2270, 2271, 2278, 2281, 2281, 2283, 2287, 2291, 2296, 2304, 2306, 2307, 2308, 2318, 2318, 2323, 2325, 2328, 2331, 
2333, 2335, 2341, 2344, 2345, 2353, 2358, 2364, 2365, 2369, 2371, 2377, 2378, 2383, 2398, 2402, 2404, 2404, 2407, 2411, 
2416, 2422, 2426, 2427, 2430, 2433, 2436, 2439, 2445, 2446, 2452, 2453, 2462, 2462, 2464, 2467, 2467, 2470, 2470, 2475, 
2481, 2482, 2484, 2487, 2490, 2490, 2492, 2498, 2504, 2506, 2509, 2511, 2511, 2513, 2514, 2515, 2517, 2520, 2521, 2530, 
2531, 2535, 2535, 2539, 2542, 2546, 2549, 2550, 2555, 2557, 2566, 2573, 2575, 2586, 2590, 2594, 2595, 2599, 2600, 2601, 
2608, 2610, 2622, 2623, 2624, 2626, 2626, 2626, 2635, 2642, 2644, 2646, 2648, 2650, 2651, 2652, 2659, 2662, 2663, 2664, 
2669, 2670, 2671, 2671, 2671, 2677, 2679, 2696, 2696, 2696, 2700, 2701, 2703, 2703, 2716, 2719, 2719, 2726, 2733, 2733, 
2735, 2738, 2738, 2742, 2743, 2752, 2775, 2776, 2783, 2786, 2787, 2791, 2793, 2793, 2795, 2797, 2801, 2808, 2810, 2815, 
2816, 2816, 2816, 2820, 2824, 2830, 2830, 2840, 2840, 2846, 2851, 2852, 2859, 2863, 2866, 2873, 2881, 2884, 2884, 2885, 
2886, 2901, 2911, 2915, 2923, 2924, 2928, 2943, 2944, 2944, 2945, 2947, 2964, 2965, 2972, 2981, 2990, 2991, 2996, 2996, 
2998, 2998, 3006, 3006, 3013, 3023, 3023, 3030, 3033, 3035, 3036, 3040, 3054, 3056, 3060, 3062, 3064, 3066, 3069, 3076, 
3079, 3080, 3081, 3081, 3084, 3085, 3093, 3094, 3094, 3094, 3103, 3107, 3111, 3113, 3115, 3124, 3124, 3128, 3129, 3135, 
3146, 3149, 3155, 3155, 3162, 3163, 3164, 3165, 3170, 3172, 3180, 3182, 3185, 3188, 3188, 3193, 3196, 3197, 3197, 3199, 
3201, 3203, 3206, 3211, 3213, 3216, 3218, 3218, 3218, 3221, 3221, 3222, 3224, 3228, 3233, 3240, 3241, 3242, 3245, 3249, 
3252, 3254, 3257, 3265, 3267, 3272, 3277, 3279, 3282, 3282, 3283, 3288, 3293, 3294, 3298, 3310, 3318, 3319, 3321, 3324, 
3329, 3333, 3334, 3336, 3337, 3339, 3339, 3340, 3341, 3341, 3344, 3349, 3352, 3360, 3361, 3363, 3371, 3376, 3380, 3381, 
3389, 3389, 3394, 3395, 3397, 3397, 3401, 3403, 3414, 3426, 3427, 3430, 3431, 3433, 3435, 3436, 3446, 3446, 3448, 3450, 
3455, 3455, 3456, 3462, 3466, 3470, 3478, 3478, 3481, 3488, 3496, 3498, 3504, 3506, 3518, 3524, 3524, 3525, 3526, 3527, 
3528, 3528, 3530, 3538, 3543, 3546, 3547, 3548, 3549, 3555, 3555, 3558, 3559, 3560, 3562, 3562, 3566, 3566, 3567, 3570, 
3573, 3574, 3577, 3578, 3581, 3583, 3585, 3586, 3587, 3587, 3592, 3593, 3593, 3597, 3603, 3604, 3610, 3612, 3618, 3626, 
3637, 3638, 3638, 3641, 3645, 3645, 3651, 3652, 3653, 3657, 3660, 3667, 3671, 3672, 3672, 3677, 3685, 3688, 3691, 3696, 
3701, 3710, 3717, 3720, 3729, 3731, 3735, 3738, 3738, 3743, 3750, 3752, 3754, 3761, 3761, 3767, 3772, 3773, 3778, 3781, 
3789, 3790, 3796, 3800, 3806, 3816, 3816, 3818, 3819, 3823, 3830, 3831, 3832, 3833, 3835, 3840, 3844, 3846, 3850, 3851, 
3856, 3857, 3857, 3873, 3873, 3874, 3879, 3880, 3886, 3903, 3903, 3904, 3905, 3913, 3914, 3915, 3916, 3917, 3918, 3920, 
3922, 3926, 3926, 3930, 3931, 3936, 3936, 3937, 3940, 3944, 3947, 3955, 3960, 3965, 3968, 3969, 3970, 3988, 3990, 3993, 
3996, 4001, 4002, 4007, 4010, 4011, 4011, 4016, 4016, 4021, 4028, 4031, 4032, 4042, 4043, 4048, 4056, 4060, 4072, 4075, 
4076, 4085, 4085, 4089, 4091, 4093, 4099, 4100, 4100, 4102, 4113, 4118, 4121, 4140, 4142, 4142, 4145, 4158, 4168, 4168, 
4170, 4173, 4180, 4183, 4187, 4189, 4190, 4190, 4194, 4196, 4199, 4201, 4203, 4203, 4206, 4206, 4209, 4209, 4214, 4219, 
4222, 4230, 4232, 4236, 4247, 4249, 4254, 4256, 4266, 4279, 4286, 4288, 4288, 4288, 4292, 4300, 4302, 4306, 4307, 4314, 
4314, 4317, 4320, 4322, 4323, 4325, 4328, 4334, 4338, 4344, 4346, 4347, 4347, 4361, 4361, 4362, 4363, 4365, 4372, 4373, 
4381, 4382, 4390, 4392, 4403, 4405, 4410, 4411, 4411, 4414, 4414, 4415, 4416, 4417, 4422, 4423, 4430, 4432, 4435, 4442, 
4443, 4445, 4448, 4450, 4453, 4459, 4461, 4461, 4465, 4469, 4473, 4475, 4478, 4486, 4487, 4490, 4494, 4497, 4503, 4509, 
4509, 4510, 4511, 4512, 4515, 4516, 4522, 4525, 4537, 4540, 4547, 4547, 4550, 4563, 4565, 4566, 4567, 4576, 4581, 4581, 
4584, 4587, 4592, 4592, 4593, 4594, 4597, 4600, 4605, 4606, 4610, 4612, 4612, 4618, 4618, 4624, 4630, 4633, 4639, 4639, 
4639, 4640, 4641, 4641, 4642, 4652, 4655, 4663, 4665, 4666, 4668, 4668, 4671, 4676, 4679, 4679, 4681, 4682, 4683, 4684, 
4686, 4687, 4691, 4694, 4694, 4694, 4699, 4705, 4706, 4710, 4712, 4713, 4716, 4719, 4719, 4720, 4721, 4722, 4725, 4729, 
4731, 4733, 4734, 4735, 4739, 4746, 4748, 4750, 4751, 4751, 4751, 4756, 4757, 4758, 4758, 4767, 4770, 4771, 4785, 4789, 
4796, 4799, 4803, 4807, 4810, 4814, 4817, 4822, 4827, 4828, 4828, 4834, 4837, 4842, 4853, 4855, 4856, 4859, 4861, 4861, 
4868, 4869, 4873, 4873, 4877, 4880, 4883, 4884, 4887, 4899, 4902, 4908, 4913, 4920, 4921, 4929, 4932, 4941, 4941, 4942, 
4945, 4949, 4950, 4952, 4954, 4955, 4959, 4962, 4967, 4967, 4970, 4971, 4976, 4978, 4979, 4983, 4984, 4986, 4986, 4987, 
4988, 4999, 5000, 5001, 5003, 5007, 5016, 5022, 5022, 5022, 5023, 5029, 5031, 5031, 5033, 5033, 5034, 5034, 5036, 5039, 
5042, 5045, 5046, 5048, 5050, 5054, 5054, 5056, 5059, 5060, 5072, 5076, 5082, 5085, 5085, 5087, 5090, 5094, 5095, 5097, 
5098, 5106, 5109, 5110, 5118, 5120, 5124, 5132, 5135, 5137, 5138, 5139, 5139, 5141, 5153, 5155, 5159, 5159, 5162, 5170, 
5175, 5176, 5178, 5181, 5188, 5191, 5192, 5194, 5203, 5205, 5210, 5221, 5225, 5226, 5227, 5228, 5231, 5231, 5234, 5235, 
5242, 5243, 5247, 5250, 5250, 5250, 5252, 5254, 5257, 5260, 5269, 5276, 5280, 5282, 5285, 5290, 5294, 5300, 5301, 5301, 
5304, 5307, 5313, 5313, 5320, 5321, 5341, 5341, 5344, 5345, 5346, 5349, 5352, 5353, 5364, 5372, 5385, 5386, 5389, 5390, 
5397, 5399, 5399, 5403, 5404, 5409, 5417, 5417, 5418, 5419, 5424, 5428, 5434, 5437, 5437, 5447, 5448, 5451, 5451, 5455, 
5457, 5466, 5467, 5470, 5471, 5472, 5473, 5476, 5486, 5489, 5492, 5495, 5507, 5508, 5512, 5514, 5518, 5520, 5521, 5526, 
5533, 5533, 5536, 5537, 5538, 5538, 5539, 5539, 5541, 5542, 5543, 5546, 5548, 5554, 5556, 5557, 5559, 5561, 5566, 5566, 
5567, 5579, 5585, 5585, 5585, 5590, 5590, 5602, 5603, 5603, 5604, 5607, 5611, 5622, 5629, 5630, 5636, 5639, 5644, 5647, 
5647, 5652, 5652, 5652, 5661, 5663, 5669, 5676, 5677, 5678, 5687, 5693, 5693, 5694, 5695, 5696, 5700, 5700, 5706, 5707, 
5708, 5713, 5715, 5716, 5717, 5718, 5722, 5723, 5723, 5726, 5727, 5729, 5733, 5742, 5746, 5751, 5751, 5753, 5755, 5759, 
5761, 5765, 5766, 5768, 5770, 5772, 5776, 5779, 5784, 5784, 5787, 5793, 5794, 5795, 5795, 5798, 5809, 5810, 5820, 5821, 
5821, 5822, 5822, 5830, 5832, 5842, 5843, 5845, 5845, 5846, 5849, 5851, 5855, 5858, 5858, 5860, 5866, 5870, 5873, 5875, 
5875, 5877, 5882, 5884, 5894, 5907, 5908, 5913, 5916, 5921, 5928, 5933, 5935, 5937, 5938, 5939, 5940, 5940, 5944, 5946, 
5946, 5947, 5951, 5959, 5968, 5971, 5974, 5975, 5985, 5985, 5986, 5988, 5988, 5992, 5995, 5995, 5998, 6003, 6004, 6004, 
6007, 6009, 6022, 6026, 6031, 6039, 6039, 6039, 6041, 6047, 6049, 6051, 6065, 6065, 6066, 6068, 6071, 6073, 6078, 6086, 
6090, 6092, 6098, 6101, 6103, 6119, 6121, 6123, 6126, 6126, 6127, 6128, 6130, 6131, 6134, 6136, 6140, 6141, 6142, 6147, 
6150, 6150, 6154, 6158, 6162, 6165, 6168, 6171, 6173, 6189, 6191, 6191, 6192, 6194, 6203, 6205, 6205, 6205, 6207, 6210, 
6210, 6220, 6220, 6222, 6225, 6228, 6232, 6232, 6235, 6239, 6242, 6250, 6259, 6260, 6267, 6267, 6271, 6273, 6273, 6287, 
6288, 6288, 6293, 6301, 6301, 6306, 6322, 6328, 6330, 6333, 6335, 6337, 6337, 6340, 6341, 6342, 6345, 6346, 6355, 6359, 
6360, 6366, 6367, 6367, 6370, 6373, 6380, 6383, 6389, 6396, 6397, 6399, 6403, 6408, 6411, 6412, 6414, 6422, 6422, 6423, 
6423, 6424, 6425, 6427, 6428, 6431, 6431, 6432, 6439, 6440, 6441, 6442, 6445, 6447, 6451, 6451, 6460, 6461, 6462, 6464, 
6465, 6468, 6474, 6478, 6478, 6479, 6480, 6484, 6485, 6487, 6491, 6491, 6492, 6494, 6501, 6503, 6503, 6505, 6509, 6509, 
6512, 6514, 6534, 6534, 6539, 6539, 6541, 6541, 6542, 6547, 6550, 6551, 6558, 6559, 6560, 6562, 6563, 6573, 6576, 6577, 
6583, 6583, 6587, 6587, 6587, 6596, 6600, 6603, 6603, 6609, 6612, 6613, 6616, 6618, 6619, 6620, 6622, 6632, 6636, 6637, 
6638, 6641, 6646, 6647, 6649, 6652, 6653, 6655, 6656, 6668, 6668, 6674, 6676, 6677, 6686, 6686, 6689, 6694, 6694, 6699, 
6703, 6705, 6706, 6706, 6709, 6717, 6724, 6725, 6730, 6732, 6732, 6734, 6735, 6739, 6742, 6748, 6748, 6749, 6754, 6763, 
6764, 6764, 6767, 6767, 6767, 6768, 6768, 6783, 6785, 6799, 6812, 6814, 6817, 6817, 6818, 6824, 6825, 6825, 6827, 6832, 
6834, 6835, 6841, 6845, 6847, 6848, 6850, 6851, 6851, 6852, 6861, 6861, 6863, 6863, 6868, 6869, 6869, 6873, 6876, 6879, 
6880, 6882, 6886, 6889, 6891, 6891, 6895, 6897, 6901, 6901, 6903, 6911, 6916, 6916, 6923, 6924, 6924, 6924, 6924, 6926, 
6929, 6933, 6933, 6956, 6963, 6965, 6967, 6969, 6973, 6976, 6991, 6996, 7005, 7008, 7009, 7012, 7017, 7029, 7031, 7039, 
7043, 7044, 7044, 7049, 7050, 7055, 7056, 7057, 7057, 7059, 7076, 7086, 7092, 7094, 7100, 7104, 7105, 7119, 7122, 7126, 
7129, 7130, 7132, 7137, 7138, 7149, 7153, 7159, 7162, 7163, 7165, 7172, 7173, 7179, 7179, 7185, 7186, 7190, 7194, 7196, 
7201, 7206, 7209, 7211, 7214, 7222, 7224, 7230, 7232, 7235, 7238, 7240, 7240, 7241, 7241, 7243, 7246, 7252, 7254, 7255, 
7263, 7263, 7263, 7267, 7268, 7271, 7272, 7274, 7275, 7278, 7279, 7284, 7286, 7286, 7289, 7297, 7299, 7300, 7301, 7302, 
7302, 7304, 7322, 7327, 7329, 7329, 7350, 7356, 7358, 7359, 7367, 7373, 7373, 7374, 7374, 7376, 7377, 7390, 7392, 7407, 
7407, 7407, 7414, 7420, 7433, 7436, 7439, 7441, 7442, 7442, 7447, 7449, 7449, 7451, 7453, 7463, 7468, 7469, 7470, 7471, 
7474, 7476, 7479, 7480, 7482, 7484, 7488, 7492, 7492, 7493, 7493, 7493, 7499, 7508, 7512, 7515, 7517, 7519, 7524, 7524, 
7529, 7532, 7535, 7535, 7536, 7539, 7541, 7545, 7545, 7546, 7547, 7548, 7550, 7552, 7573, 7574, 7579, 7581, 7583, 7586, 
7587, 7591, 7592, 7593, 7597, 7604, 7605, 7605, 7606, 7612, 7614, 7617, 7620, 7620, 7628, 7630, 7634, 7637, 7640, 7640, 
7641, 7647, 7659, 7659, 7666, 7666, 7667, 7667, 7669, 7671, 7673, 7680, 7680, 7683, 7683, 7689, 7689, 7694, 7694, 7695, 
7702, 7712, 7718, 7719, 7720, 7721, 7721, 7722, 7728, 7728, 7729, 7731, 7738, 7739, 7741, 7742, 7747, 7751, 7758, 7762, 
7769, 7769, 7775, 7783, 7784, 7786, 7788, 7791, 7794, 7805, 7810, 7812, 7812, 7814, 7816, 7834, 7847, 7850, 7858, 7863, 
7864, 7865, 7880, 7883, 7887, 7887, 7888, 7888, 7899, 7901, 7902, 7906, 7906, 7913, 7916, 7919, 7927, 7934, 7944, 7950, 
7951, 7953, 7954, 7955, 7959, 7959, 7962, 7966, 7967, 7971, 7972, 7972, 7976, 7976, 7977, 7982, 7987, 7994, 7998, 8002, 
8008, 8011, 8024, 8027, 8030, 8035, 8043, 8045, 8046, 8047, 8056, 8057, 8061, 8062, 8073, 8076, 8080, 8081, 8082, 8087, 
8091, 8093, 8101, 8104, 8107, 8107, 8107, 8108, 8114, 8114, 8117, 8118, 8121, 8125, 8126, 8126, 8145, 8147, 8149, 8154, 
8160, 8161, 8167, 8169, 8169, 8172, 8173, 8175, 8178, 8178, 8183, 8185, 8187, 8188, 8189, 8195, 8195, 8203, 8212, 8214, 
8218, 8218, 8232, 8235, 8236, 8238, 8240, 8244, 8246, 8247, 8248, 8251, 8253, 8253, 8257, 8257, 8258, 8259, 8261, 8267, 
8267, 8273, 8276, 8282, 8284, 8287, 8291, 8293, 8304, 8311, 8314, 8314, 8315, 8316, 8325, 8325, 8325, 8327, 8328, 8330, 
8340, 8340, 8344, 8345, 8347, 8352, 8353, 8358, 8359, 8361, 8361, 8362, 8364, 8366, 8374, 8379, 8381, 8381, 8381, 8382, 
8384, 8384, 8388, 8388, 8389, 8395, 8395, 8397, 8400, 8401, 8401, 8406, 8412, 8415, 8420, 8422, 8422, 8429, 8432, 8435, 
8438, 8438, 8446, 8455, 8457, 8473, 8478, 8481, 8484, 8487, 8491, 8492, 8493, 8494, 8494, 8497, 8499, 8504, 8506, 8508, 
8511, 8514, 8515, 8515, 8520, 8523, 8527, 8527, 8530, 8530, 8536, 8546, 8547, 8551, 8552, 8553, 8554, 8564, 8582, 8583, 
8592, 8593, 8595, 8596, 8597, 8598, 8607, 8611, 8612, 8614, 8617, 8625, 8628, 8632, 8637, 8639, 8644, 8645, 8653, 8654, 
8659, 8671, 8673, 8673, 8682, 8684, 8685, 8687, 8693, 8696, 8696, 8701, 8704, 8706, 8707, 8708, 8710, 8715, 8717, 8720, 
8721, 8723, 8723, 8724, 8725, 8730, 8732, 8733, 8739, 8739, 8742, 8753, 8753, 8754, 8757, 8760, 8763, 8765, 8769, 8779, 
8780, 8786, 8794, 8796, 8800, 8804, 8805, 8806, 8808, 8808, 8824, 8827, 8828, 8829, 8832, 8834, 8836, 8836, 8839, 8849, 
8851, 8853, 8854, 8868, 8872, 8873, 8876, 8881, 8885, 8886, 8891, 8891, 8892, 8897, 8902, 8908, 8910, 8912, 8918, 8919, 
8920, 8923, 8923, 8926, 8929, 8931, 8931, 8933, 8934, 8935, 8936, 8938, 8939, 8942, 8943, 8957, 8958, 8963, 8965, 8966, 
8969, 8972, 8977, 8979, 8980, 8983, 8983, 8984, 8985, 8988, 8991, 8992, 8994, 8997, 9007, 9010, 9011, 9011, 9024, 9024, 
9030, 9035, 9041, 9048, 9049, 9051, 9054, 9059, 9073, 9073, 9075, 9077, 9078, 9079, 9080, 9082, 9086, 9087, 9088, 9089, 
9091, 9092, 9095, 9096, 9100, 9103, 9108, 9119, 9123, 9126, 9130, 9134, 9136, 9146, 9153, 9157, 9160, 9162, 9167, 9169, 
9181, 9189, 9191, 9194, 9198, 9199, 9205, 9221, 9224, 9228, 9229, 9233, 9249, 9252, 9253, 9254, 9258, 9261, 9262, 9266, 
9266, 9267, 9271, 9274, 9276, 9276, 9278, 9283, 9291, 9299, 9300, 9302, 9311, 9314, 9315, 9315, 9317, 9319, 9320, 9321, 
9322, 9325, 9329, 9342, 9345, 9346, 9355, 9355, 9358, 9360, 9365, 9366, 9371, 9375, 9376, 9386, 9388, 9389, 9390, 9402, 
9406, 9408, 9413, 9422, 9426, 9426, 9429, 9430, 9450, 9452, 9459, 9463, 9464, 9465, 9467, 9468, 9488, 9488, 9489, 9493, 
9497, 9497, 9500, 9502, 9504, 9504, 9506, 9508, 9508, 9509, 9513, 9515, 9516, 9516, 9524, 9525, 9527, 9528, 9532, 9536, 
9536, 9538, 9547, 9552, 9556, 9562, 9567, 9568, 9574, 9575, 9577, 9579, 9579, 9584, 9589, 9595, 9602, 9602, 9610, 9617, 
9625, 9626, 9647, 9648, 9654, 9659, 9659, 9663, 9677, 9694, 9695, 9696, 9696, 9700, 9708, 9712, 9715, 9723, 9727, 9730, 
9731, 9735, 9741, 9742, 9755, 9759, 9763, 9767, 9769, 9771, 9773, 9775, 9782, 9783, 9784, 9784, 9790, 9790, 9791, 9794, 
9794, 9804, 9815, 9816, 9816, 9819, 9828, 9833, 9835, 9844, 9846, 9847, 9848, 9848, 9851, 9851, 9854, 9857, 9859, 9859, 
9859, 9861, 9869, 9869, 9877, 9895, 9906, 9906, 9917, 9922, 9924, 9925, 9931, 9935, 9942, 9943, 9948, 9949, 9952, 9959, 
9962, 9962, 9962, 9964, 9965, 9971, 9978, 9982, 9983, 9984, 9985, 9989, 9991, 10001, 10003, 10005, 10007, 10009, 10017, 10022, 
10031, 10033, 10036, 10037, 10040, 10040, 10041, 10042, 10048, 10049, 10049, 10054, 10058, 10068, 10076, 10076, 10081, 10084, 10090, 10091, 
10103, 10104, 10104, 10107, 10107, 10113, 10117, 10128, 10131, 10134, 10135, 10140, 10142, 10143, 10143, 10144, 10145, 10147, 10151, 10156, 
10164, 10166, 10168, 10169, 10172, 10177, 10179, 10181, 10185, 10185, 10190, 10194, 10196, 10199, 10200, 10203, 10203, 10203, 10204, 10205, 
10209, 10224, 10225, 10235, 10239, 10253, 10259, 10259, 10264, 10265, 10269, 10271, 10274, 10277, 10283, 10283, 10286, 10286, 10288, 10288, 
10292, 10294, 10294, 10299, 10301, 10303, 10310, 10310, 10313, 10314, 10320, 10323, 10325, 10342, 10343, 10345, 10351, 10351, 10354, 10358, 
10366, 10372, 10378, 10379, 10381, 10383, 10383, 10384, 10390, 10391, 10392, 10394, 10397, 10397, 10401, 10406, 10407, 10409, 10412, 10416, 
10420, 10423, 10426, 10427, 10429, 10431, 10441, 10444, 10448, 10450, 10460, 10467, 10467, 10468, 10469, 10469, 10470, 10472, 10475, 10482, 
10483, 10486, 10486, 10490, 10491, 10499, 10505, 10507, 10507, 10509, 10519, 10531, 10533, 10539, 10540, 10541, 10543, 10549, 10556, 10556, 
10557, 10558, 10559, 10560, 10561, 10574, 10575, 10585, 10586, 10592, 10598, 10598, 10600, 10601, 10601, 10607, 10608, 10616, 10631, 10636, 
10636, 10638, 10639, 10640, 10641, 10643, 10648, 10649, 10653, 10655, 10658, 10664, 10667, 10669, 10671, 10678, 10678, 10678, 10678, 10679, 
10680, 10681, 10682, 10685, 10688, 10689, 10698, 10699, 10701, 10701, 10709, 10713, 10714, 10721, 10723, 10725, 10734, 10738, 10746, 10747, 
10748, 10749, 10754, 10756, 10757, 10759, 10762, 10762, 10765, 10766, 10774, 10778, 10790, 10791, 10795, 10796, 10798, 10798, 10799, 10803, 
10806, 10807, 10808, 10809, 10810, 10813, 10814, 10817, 10820, 10821, 10824, 10825, 10828, 10833, 10839, 10843, 10844, 10845, 10845, 10846, 
10850, 10856, 10862, 10867, 10868, 10870, 10873, 10877, 10880, 10883, 10884, 10884, 10887, 10892, 10894, 10905, 10905, 10907, 10910, 10911, 
10916, 10924, 10926, 10926, 10930, 10936, 10936, 10939, 10941, 10944, 10946, 10947, 10952, 10952, 10956, 10962, 10967, 10969, 10971, 10975, 
10977, 10977, 10981, 10985, 10987, 10988, 10992, 10997, 10999, 11000, 11002, 11002, 11008, 11009, 11012, 11015, 11021, 11024, 11027, 11028, 
11045, 11048, 11050, 11050, 11052, 11053, 11057, 11057, 11059, 11065, 11070, 11073, 11074, 11074, 11076, 11081, 11092, 11095, 11097, 11100, 
11106, 11111, 11125, 11128, 11129, 11135, 11138, 11147, 11150, 11150, 11154, 11157, 11157, 11159, 11160, 11160, 11161, 11172, 11174, 11177, 
11184, 11187, 11192, 11193, 11193, 11198, 11211, 11211, 11212, 11212, 11218, 11222, 11222, 11224, 11225, 11232, 11238, 11239, 11244, 11246, 
11248, 11259, 11262, 11263, 11268, 11272, 11294, 11300, 11300, 11301, 11305, 11320, 11321, 11324, 11324, 11325, 11334, 11338, 11343, 11344, 
11348, 11348, 11352, 11368, 11368, 11370, 11374, 11377, 11382, 11382, 11383, 11384, 11386, 11394, 11396, 11398, 11401, 11409, 11411, 11418, 
11421, 11423, 11426, 11428, 11431, 11432, 11435, 11436, 11445, 11448, 11453, 11454, 11456, 11456, 11457, 11459, 11463, 11463, 11466, 11472, 
11473, 11474, 11478, 11479, 11484, 11487, 11494, 11496, 11496, 11501, 11503, 11504, 11505, 11509, 11509, 11512, 11515, 11521, 11522, 11522, 
11532, 11539, 11545, 11555, 11559, 11561, 11561, 11568, 11569, 11570, 11571, 11575, 11577, 11586, 11586, 11593, 11594, 11598, 11600, 11601, 
11613, 11613, 11620, 11621, 11621, 11623, 11627, 11631, 11636, 11639, 11644, 11648, 11648, 11651, 11653, 11657, 11660, 11663, 11671, 11673, 
11682, 11685, 11685, 11697, 11699, 11702, 11708, 11715, 11716, 11729, 11737, 11739, 11750, 11754, 11755, 11756, 11760, 11764, 11772, 11774, 
11778, 11782, 11785, 11786, 11788, 11789, 11789, 11799, 11808, 11813, 11823, 11826, 11828, 11830, 11831, 11834, 11834, 11837, 11838, 11839, 
11841, 11846, 11850, 11858, 11860, 11861, 11873, 11875, 11875, 11876, 11877, 11882, 11887, 11889, 11889, 11892, 11897, 11904, 11907, 11910, 
11916, 11919, 11930, 11943, 11946, 11951, 11954, 11958, 11958, 11960, 11961, 11970, 11978, 11979, 11980, 11981, 11984, 11987, 11990, 11992, 
12000, 12000, 12001, 12004, 12009, 12013, 12019, 12020, 12022, 12023, 12028, 12028, 12034, 12037, 12039, 12041, 12043, 12043, 12044, 12045, 
12049, 12049, 12053, 12054, 12055, 12061, 12066, 12067, 12069, 12070, 12074, 12075, 12075, 12076, 12077, 12079, 12080, 12082, 12083, 12083, 
12084, 12088, 12089, 12098, 12101, 12106, 12111, 12119, 12122, 12127, 12130, 12134, 12136, 12137, 12138, 12148, 12152, 12156, 12158, 12159, 
12159, 12159, 12165, 12167, 12171, 12181, 12182, 12188, 12190, 12194, 12194, 12198, 12201, 12206, 12213, 12219, 12223, 12224, 12230, 12239, 
12240, 12243, 12245, 12246, 12250, 12250, 12250, 12252, 12254, 12255, 12259, 12260, 12264, 12269, 12271, 12275, 12275, 12276, 12277, 12280, 
12281, 12281, 12288, 12290, 12291, 12293, 12294, 12295, 12296, 12296, 12297, 12301, 12307, 12307, 12313, 12317, 12318, 12320, 12323, 12325, 
12329, 12342, 12345, 12345, 12352, 12354, 12356, 12357, 12359, 12361, 12362, 12366, 12369, 12377, 12383, 12385, 12390, 12393, 12394, 12407, 
12414, 12416, 12416, 12421, 12424, 12426, 12426, 12433, 12434, 12438, 12439, 12445, 12449, 12453, 12456, 12456, 12456, 12461, 12465, 12473, 
12474, 12482, 12489, 12489, 12490, 12491, 12494, 12495, 12500, 12501, 12504, 12504, 12505, 12509, 12516, 12517, 12518, 12526, 12528, 12530, 
12530, 12532, 12535, 12537, 12538, 12538, 12542, 12547, 12548, 12550, 12550, 12551, 12560, 12562, 12568, 12571, 12571, 12573, 12579, 12582, 
12585, 12590, 12594, 12595, 12601, 12607, 12611, 12612, 12619, 12620, 12624, 12624, 12626, 12627, 12629, 12629, 12630, 12635, 12638, 12638, 
12645, 12655, 12671, 12674, 12675, 12676, 12678, 12687, 12694, 12696, 12699, 12705, 12707, 12710, 12713, 12715, 12717, 12718, 12723, 12723, 
12724, 12726, 12729, 12730, 12730, 12734, 12735, 12736, 12738, 12747, 12748, 12751, 12756, 12760, 12760, 12761, 12772, 12780, 12780, 12783, 
12794, 12797, 12801, 12809, 12810, 12818, 12819, 12826, 12827, 12834, 12836, 12838, 12841, 12844, 12845, 12849, 12856, 12860, 12865, 12879, 
12883, 12889, 12890, 12891, 12892, 12892, 12893, 12897, 12897, 12903, 12908, 12912, 12913, 12920, 12921, 12925, 12928, 12928, 12931, 12932, 
12934, 12934, 12936, 12936, 12937, 12938, 12939, 12942, 12947, 12949, 12950, 12960, 12976, 12979, 12984, 12994, 12994, 12999, 13000, 13001, 
13005, 13008, 13010, 13021, 13023, 13029, 13031, 13032, 13038, 13038, 13038, 13042, 13044, 13050, 13054, 13062, 13064, 13064, 13064, 13065, 
13077, 13080, 13094, 13102, 13102, 13115, 13118, 13121, 13125, 13133, 13138, 13140, 13143, 13143, 13144, 13144, 13146, 13146, 13150, 13153, 
13157, 13162, 13163, 13164, 13164, 13164, 13166, 13170, 13172, 13176, 13179, 13180, 13187, 13190, 13193, 13195, 13197, 13202, 13203, 13208, 
13209, 13210, 13211, 13225, 13227, 13233, 13233, 13235, 13240, 13241, 13246, 13246, 13246, 13246, 13251, 13253, 13254, 13258, 13261, 13262, 
13262, 13263, 13266, 13270, 13286, 13286, 13290, 13291, 13291, 13291, 13294, 13297, 13304, 13311, 13311, 13317, 13317, 13331, 13332, 13336, 
13337, 13338, 13339, 13342, 13346, 13358, 13358, 13360, 13361, 13362, 13363, 13366, 13368, 13371, 13372, 13378, 13385, 13389, 13393, 13402, 
13404, 13407, 13408, 13420, 13429, 13438, 13439, 13442, 13445, 13445, 13453, 13453, 13453, 13455, 13459, 13459, 13461, 13466, 13466, 13468, 
13473, 13473, 13476, 13477, 13486, 13486, 13488, 13490, 13491, 13491, 13498, 13501, 13503, 13504, 13506, 13510, 13510, 13510, 13518, 13519, 
13520, 13526, 13532, 13541, 13544, 13550, 13550, 13560, 13568, 13574, 13574, 13579, 13580, 13581, 13585, 13585, 13591, 13593, 13598, 13600, 
13605, 13609, 13612, 13613, 13614, 13624, 13628, 13630, 13632, 13633, 13636, 13641, 13643, 13648, 13649, 13650, 13653, 13654, 13660, 13676, 
13676, 13683, 13687, 13695, 13695, 13698, 13699, 13705, 13706, 13713, 13714, 13717, 13717, 13718, 13723, 13728, 13731, 13740, 13747, 13750, 
13759, 13759, 13760, 13763, 13764, 13773, 13774, 13775, 13777, 13778, 13785, 13785, 13786, 13788, 13788, 13791, 13791, 13794, 13796, 13800, 
13804, 13811, 13818, 13819, 13827, 13830, 13831, 13834, 13838, 13844, 13852, 13852, 13853, 13855, 13856, 13866, 13871, 13875, 13878, 13878, 
13883, 13884, 13886, 13887, 13889, 13897, 13911, 13913, 13915, 13918, 13918, 13925, 13928, 13930, 13931, 13932, 13934, 13936, 13941, 13947, 
13951, 13954, 13960, 13964, 13966, 13967, 13972, 13972, 13974, 13977, 13977, 13978, 13978, 13986, 13986, 13992, 13992, 13994, 13994, 13998, 
13999, 14001, 14008, 14009, 14016, 14016, 14017, 14018, 14019, 14020, 14021, 14023, 14024, 14025, 14026, 14027, 14036, 14048, 14051, 14056, 
14059, 14063, 14063, 14064, 14067, 14067, 14078, 14079, 14081, 14082, 14087, 14092, 14096, 14097, 14100, 14107, 14108, 14109, 14116, 14119, 
14120, 14123, 14141, 14142, 14145, 14146, 14147, 14154, 14156, 14162, 14162, 14165, 14172, 14178, 14180, 14182, 14186, 14187, 14194, 14197, 
14197, 14198, 14200, 14200, 14215, 14219, 14232, 14242, 14244, 14247, 14249, 14249, 14249, 14256, 14257, 14263, 14266, 14269, 14271, 14273, 
14275, 14279, 14287, 14296, 14310, 14311, 14319, 14330, 14332, 14334, 14335, 14337, 14342, 14344, 14346, 14361, 14364, 14365, 14369, 14370, 
14374, 14377, 14378, 14382, 14387, 14388, 14395, 14399, 14399, 14399, 14400, 14400, 14410, 14414, 14414, 14420, 14423, 14424, 14427, 14428, 
14429, 14429, 14438, 14440, 14440, 14443, 14444, 14450, 14459, 14461, 14461, 14463, 14464, 14465, 14470, 14472, 14474, 14475, 14482, 14486, 
14487, 14487, 14490, 14498, 14505, 14508, 14509, 14513, 14519, 14521, 14523, 14524, 14524, 14527, 14536, 14537, 14538, 14542, 14542, 14546, 
14551, 14553, 14558, 14561, 14566, 14569, 14579, 14582, 14590, 14591, 14601, 14605, 14606, 14607, 14610, 14612, 14614, 14616, 14616, 14617, 
14620, 14625, 14626, 14630, 14632, 14634, 14639, 14641, 14641, 14641, 14643, 14644, 14649, 14652, 14659, 14660, 14663, 14664, 14669, 14671, 
14677, 14685, 14689, 14694, 14695, 14698, 14701, 14703, 14709, 14710, 14710, 14713, 14714, 14721, 14722, 14723, 14724, 14727, 14727, 14731, 
14737, 14738, 14753, 14754, 14755, 14763, 14768, 14772, 14772, 14777, 14777, 14780, 14781, 14785, 14789, 14791, 14791, 14799, 14800, 14802, 
14805, 14813, 14816, 14818, 14820, 14821, 14821, 14825, 14826, 14836, 14839, 14841, 14845, 14853, 14855, 14856, 14856, 14868, 14869, 14869, 
14876, 14879, 14882, 14884, 14888, 14890, 14891, 14891, 14891, 14894, 14894, 14896, 14900, 14903, 14903, 14908, 14924, 14925, 14933, 14933, 
14936, 14939, 14944, 14946, 14949, 14956, 14958, 14961, 14963, 14963, 14965, 14967, 14970, 14973, 14979, 14985, 14989, 14990, 14991, 14993, 
14997, 15001, 15003, 15005, 15006, 15007, 15009, 15010, 15013, 15013, 15014, 15018, 15021, 15023, 15024, 15025, 15025, 15027, 15027, 15032, 
15033, 15038, 15039, 15056, 15062, 15063, 15064, 15073, 15076, 15083, 15085, 15090, 15090, 15091, 15095, 15099, 15101, 15118, 15118, 15122, 
15128, 15133, 15138, 15138, 15138, 15139, 15141, 15142, 15145, 15146, 15146, 15148, 15150, 15166, 15170, 15172, 15175, 15176, 15184, 15184, 
15186, 15190, 15191, 15200, 15200, 15200, 15204, 15206, 15222, 15226, 15230, 15233, 15239, 15239, 15247, 15249, 15250, 15251, 15254, 15256, 
15256, 15258, 15258, 15259, 15263, 15265, 15265, 15267, 15272, 15274, 15276, 15280, 15282, 15282, 15283, 15291, 15291, 15291, 15293, 15297, 
15305, 15312, 15315, 15320, 15334, 15339, 15344, 15347, 15347, 15348, 15350, 15351, 15352, 15356, 15356, 15370, 15371, 15371, 15371, 15375, 
15377, 15378, 15381, 15385, 15386, 15391, 15405, 15407, 15408, 15412, 15415, 15416, 15417, 15424, 15432, 15434, 15442, 15445, 15448, 15448, 
15453, 15455, 15458, 15459, 15461, 15464, 15468, 15468, 15470, 15470, 15470, 15472, 15473, 15478, 15493, 15496, 15499, 15504, 15506, 15506, 
15530, 15536, 15537, 15537, 15544, 15547, 15562, 15566, 15568, 15569, 15574, 15575, 15580, 15582, 15590, 15591, 15597, 15598, 15602, 15606, 
15607, 15611, 15616, 15619, 15621, 15622, 15623, 15624, 15626, 15630, 15633, 15636, 15639, 15640, 15649, 15654, 15666, 15666, 15666, 15675, 
15676, 15677, 15678, 15679, 15690, 15707, 15708, 15713, 15714, 15718, 15719, 15720, 15723, 15725, 15727, 15728, 15730, 15730, 15734, 15742, 
15746, 15749, 15750, 15757, 15759, 15760, 15761, 15761, 15766, 15779, 15781, 15782, 15788, 15788, 15789, 15791, 15792, 15792, 15794, 15801, 
15803, 15803, 15808, 15812, 15813, 15813, 15814, 15815, 15819, 15822, 15823, 15827, 15828, 15829, 15834, 15835, 15836, 15843, 15847, 15848, 
15852, 15852, 15858, 15863, 15864, 15865, 15866, 15867, 15869, 15870, 15870, 15872, 15875, 15882, 15882, 15886, 15891, 15892, 15897, 15906, 
15908, 15924, 15928, 15929, 15938, 15941, 15942, 15942, 15945, 15945, 15946, 15948, 15949, 15949, 15954, 15956, 15956, 15962, 15967, 15967, 
15967, 15968, 15970, 15981, 15987, 15988, 15992, 15994, 16002, 16003, 16007, 16016, 16017, 16020, 16025, 16029, 16029, 16031, 16037, 16039, 
16041, 16049, 16052, 16053, 16061, 16062, 16066, 16071, 16072, 16075, 16081, 16082, 16086, 16086, 16089, 16089, 16091, 16097, 16098, 16100, 
16100, 16101, 16101, 16101, 16106, 16112, 16115, 16116, 16117, 16118, 16119, 16126, 16129, 16130, 16140, 16140, 16140, 16140, 16142, 16143, 
16146, 16159, 16164, 16189, 16192, 16194, 16203, 16209, 16212, 16216, 16217, 16218, 16219, 16219, 16225, 16226, 16227, 16235, 16236, 16238, 
16239, 16245, 16251, 16252, 16256, 16257, 16258, 16258, 16260, 16275, 16279, 16280, 16281, 16282, 16282, 16283, 16283, 16291, 16293, 16297, 
16304, 16318, 16321, 16322, 16328, 16332, 16334, 16335, 16337, 16338, 16339, 16340, 16340, 16344, 16345, 16346, 16350, 16361, 16367, 16368, 
16372, 16388, 16397, 16399, 16406, 16407, 16414, 16424, 16431, 16435, 16437, 16440, 16440, 16447, 16449, 16454, 16462, 16464, 16465, 16467, 
16468, 16468, 16468, 16470, 16475, 16492, 16498, 16499, 16499, 16500, 16501, 16513, 16520, 16520, 16535, 16542, 16545, 16546, 16550, 16550, 
16553, 16562, 16566, 16566, 16576, 16577, 16584, 16585, 16587, 16589, 16590, 16590, 16591, 16592, 16595, 16596, 16599, 16601, 16613, 16617, 
16625, 16627, 16627, 16634, 16635, 16642, 16642, 16648, 16650, 16654, 16658, 16667, 16672, 16678, 16679, 16679, 16684, 16688, 16694, 16697, 
16698, 16702, 16703, 16705, 16709, 16711, 16714, 16715, 16716, 16718, 16728, 16728, 16730, 16732, 16736, 16740, 16742, 16743, 16749, 16755, 
16756, 16758, 16761, 16761, 16765, 16770, 16779, 16783, 16792, 16795, 16799, 16801, 16805, 16807, 16808, 16809, 16812, 16812, 16813, 16825, 
16826, 16828, 16829, 16829, 16834, 16836, 16841, 16841, 16844, 16846, 16854, 16857, 16858, 16859, 16860, 16867, 16869, 16874, 16877, 16879, 
16883, 16884, 16892, 16894, 16896, 16910, 16912, 16917, 16923, 16924, 16925, 16926, 16934, 16938, 16939, 16942, 16945, 16949, 16953, 16956, 
16963, 16967, 16973, 16973, 16978, 16980, 16982, 16984, 16984, 16985, 16991, 16992, 17000, 17005, 17005, 17007, 17012, 17012, 17014, 17015, 
17016, 17017, 17023, 17033, 17036, 17041, 17042, 17050, 17050, 17055, 17057, 17064, 17065, 17066, 17074, 17077, 17087, 17090, 17090, 17094, 
17096, 17097, 17104, 17104, 17104, 17108, 17108, 17111, 17118, 17119, 17125, 17126, 17133, 17136, 17136, 17138, 17141, 17149, 17154, 17157, 
17158, 17158, 17169, 17178, 17183, 17188, 17190, 17193, 17193, 17200, 17205, 17206, 17207, 17207, 17208, 17210, 17214, 17223, 17223, 17224, 
17227, 17228, 17234, 17234, 17236, 17237, 17242, 17245, 17246, 17253, 17253, 17254, 17254, 17261, 17263, 17265, 17268, 17270, 17272, 17283, 
17283, 17291, 17292, 17296, 17297, 17313, 17323, 17328, 17335, 17343, 17348, 17350, 17351, 17363, 17367, 17369, 17370, 17372, 17375, 17376, 
17378, 17389, 17399, 17400, 17402, 17406, 17409, 17411, 17412, 17421, 17422, 17422, 17428, 17431, 17432, 17433, 17437, 17438, 17439, 17439, 
17439, 17442, 17443, 17452, 17453, 17455, 17458, 17458, 17461, 17462, 17465, 17466, 17470, 17481, 17483, 17500, 17501, 17502, 17506, 17509, 
17509, 17519, 17520, 17520, 17521, 17525, 17526, 17526, 17531, 17538, 17541, 17542, 17547, 17548, 17550, 17553, 17553, 17554, 17555, 17558, 
17570, 17570, 17572, 17576, 17577, 17579, 17584, 17585, 17585, 17586, 17587, 17590, 17591, 17592, 17599, 17605, 17611, 17612, 17613, 17616, 
17617, 17620, 17623, 17624, 17625, 17630, 17633, 17634, 17642, 17645, 17651, 17652, 17654, 17660, 17660, 17669, 17671, 17674, 17684, 17684, 
17687, 17690, 17692, 17693, 17700, 17709, 17710, 17714, 17714, 17719, 17721, 17724, 17724, 17724, 17728, 17729, 17729, 17731, 17732, 17747, 
17753, 17758, 17763, 17774, 17775, 17776, 17777, 17777, 17778, 17781, 17781, 17782, 17803, 17804, 17808, 17826, 17828, 17831, 17832, 17833, 
17840, 17842, 17844, 17856, 17859, 17860, 17861, 17862, 17865, 17871, 17878, 17880, 17883, 17888, 17889, 17890, 17890, 17894, 17896, 17899, 
17902, 17902, 17903, 17907, 17907, 17912, 17914, 17917, 17923, 17923, 17924, 17930, 17930, 17934, 17940, 17941, 17943, 17946, 17946, 17946, 
17951, 17954, 17954, 17955, 17959, 17961, 17965, 17969, 17974, 17975, 17976, 17976, 17982, 17983, 17985, 17996, 17999, 18002, 18008, 18009, 
18012, 18013, 18019, 18024, 18026, 18027, 18029, 18033, 18036, 18037, 18039, 18041, 18043, 18044, 18059, 18061, 18061, 18062, 18062, 18065, 
18065, 18075, 18076, 18086, 18087, 18088, 18099, 18099, 18103, 18104, 18105, 18109, 18111, 18112, 18115, 18116, 18122, 18126, 18128, 18130, 
18133, 18134, 18136, 18136, 18137, 18141, 18148, 18155, 18159, 18167, 18167, 18171, 18171, 18175, 18176, 18179, 18183, 18190, 18191, 18191, 
18201, 18202, 18214, 18218, 18223, 18223, 18228, 18231, 18231, 18238, 18239, 18239, 18241, 18246, 18250, 18251, 18256, 18259, 18260, 18260, 
18269, 18272, 18276, 18278, 18282, 18284, 18284, 18285, 18295, 18297, 18299, 18301, 18301, 18319, 18320, 18322, 18331, 18334, 18335, 18336, 
18338, 18342, 18346, 18353, 18353, 18362, 18365, 18367, 18368, 18371, 18374, 18375, 18383, 18387, 18389, 18390, 18393, 18397, 18398, 18404, 
18414, 18419, 18424, 18425, 18425, 18435, 18441, 18443, 18444, 18444, 18445, 18449, 18456, 18456, 18457, 18457, 18458, 18462, 18462, 18468, 
18471, 18471, 18478, 18480, 18483, 18491, 18494, 18495, 18498, 18504, 18510, 18517, 18520, 18526, 18530, 18535, 18537, 18539, 18541, 18552, 
18555, 18562, 18564, 18570, 18570, 18572, 18585, 18585, 18586, 18589, 18589, 18590, 18594, 18596, 18599, 18601, 18605, 18611, 18614, 18614, 
18615, 18617, 18619, 18622, 18626, 18628, 18630, 18631, 18632, 18632, 18634, 18635, 18637, 18637, 18644, 18652, 18652, 18656, 18662, 18663, 
18665, 18667, 18668, 18676, 18678, 18678, 18678, 18679, 18683, 18684, 18685, 18687, 18697, 18698, 18701, 18704, 18704, 18707, 18707, 18710, 
18716, 18717, 18718, 18719, 18719, 18721, 18722, 18725, 18726, 18728, 18739, 18741, 18753, 18757, 18760, 18760, 18761, 18763, 18763, 18763, 
18765, 18772, 18776, 18776, 18787, 18788, 18793, 18796, 18797, 18806, 18806, 18806, 18810, 18811, 18816, 18820, 18823, 18824, 18827, 18828, 
18828, 18829, 18830, 18834, 18836, 18839, 18841, 18843, 18847, 18849, 18849, 18850, 18850, 18864, 18865, 18867, 18876, 18883, 18885, 18887, 
18896, 18897, 18900, 18903, 18909, 18914, 18914, 18916, 18917, 18921, 18936, 18939, 18939, 18939, 18940, 18945, 18959, 18963, 18965, 18966, 
18973, 18977, 18982, 18984, 18986, 18991, 18991, 19003, 19009, 19020, 19023, 19024, 19027, 19030, 19036, 19038, 19040, 19040, 19045, 19047, 
19048, 19051, 19057, 19059, 19067, 19067, 19068, 19073, 19073, 19075, 19078, 19079, 19081, 19085, 19091, 19094, 19094, 19095, 19096, 19096, 
19097, 19098, 19098, 19099, 19104, 19105, 19106, 19110, 19125, 19128, 19128, 19130, 19132, 19136, 19141, 19141, 19142, 19150, 19150, 19155, 
19155, 19157, 19161, 19162, 19169, 19170, 19173, 19176, 19177, 19179, 19185, 19188, 19196, 19199, 19200, 19204, 19206, 19207, 19208, 19213, 
19216, 19218, 19222, 19225, 19233, 19252, 19253, 19255, 19265, 19265, 19270, 19272, 19276, 19279, 19281, 19282, 19286, 19286, 19290, 19291, 
19296, 19298, 19299, 19313, 19315, 19324, 19338, 19352, 19354, 19358, 19360, 19363, 19369, 19370, 19373, 19374, 19376, 19382, 19397, 19398, 
19398, 19403, 19406, 19407, 19411, 19413, 19414, 19414, 19421, 19425, 19427, 19436, 19439, 19444, 19446, 19448, 19449, 19452, 19456, 19460, 
19461, 19464, 19464, 19465, 19467, 19468, 19469, 19473, 19474, 19481, 19482, 19484, 19486, 19490, 19491, 19491, 19492, 19498, 19502, 19512, 
19513, 19515, 19523, 19530, 19532, 19534, 19538, 19540, 19552, 19553, 19553, 19556, 19558, 19559, 19568, 19570, 19571, 19583, 19588, 19590, 
19594, 19596, 19602, 19602, 19603, 19607, 19607, 19607, 19612, 19616, 19617, 19619, 19624, 19630, 19632, 19635, 19636, 19646, 19648, 19648, 
19650, 19653, 19655, 19660, 19660, 19662, 19663, 19663, 19664, 19665, 19669, 19671, 19671, 19678, 19680, 19680, 19683, 19684, 19686, 19689, 
19689, 19691, 19693, 19696, 19696, 19696, 19697, 19712, 19713, 19715, 19715, 19719, 19719, 19725, 19725, 19726, 19729, 19736, 19737, 19738, 
19749, 19751, 19752, 19753, 19762, 19764, 19765, 19770, 19771, 19772, 19774, 19780, 19782, 19783, 19786, 19786, 19787, 19788, 19791, 19793, 
19794, 19797, 19802, 19802, 19802, 19809, 19811, 19813, 19815, 19815, 19816, 19822, 19843, 19852, 19855, 19855, 19856, 19862, 19865, 19867, 
19870, 19875, 19878, 19883, 19886, 19892, 19896, 19898, 19899, 19901, 19905, 19912, 19913, 19914, 19915, 19918, 19920, 19924, 19924, 19925, 
19927, 19933, 19947, 19948, 19949, 19950, 19952, 19953, 19955, 19959, 19965, 19970, 19974, 19975, 19976, 19977, 19979, 19980, 19982, 19983, 
19985, 19985, 19985, 19990, 19992, 19998, 20004, 20013, 20017, 20018, 20023, 20025, 20028, 20032, 20037, 20038, 20038, 20041, 20043, 20044, 
20051, 20051, 20054, 20056, 20058, 20062, 20066, 20066, 20067, 20068, 20071, 20073, 20073, 20074, 20079, 20084, 20084, 20085, 20085, 20090, 
20094, 20102, 20107, 20114, 20118, 20123, 20124, 20125, 20129, 20131, 20133, 20135, 20136, 20136, 20137, 20143, 20143, 20150, 20159, 20160, 
20160, 20170, 20170, 20171, 20171, 20174, 20176, 20179, 20184, 20184, 20184, 20184, 20188, 20190, 20190, 20192, 20194, 20195, 20200, 20205, 
20216, 20217, 20218, 20223, 20225, 20229, 20230, 20237, 20238, 20239, 20254, 20260, 20260, 20268, 20268, 20269, 20273, 20275, 20279, 20279, 
20280, 20281, 20285, 20289, 20290, 20298, 20308, 20309, 20312, 20312, 20316, 20321, 20324, 20327, 20329, 20329, 20334, 20334, 20334, 20336, 
20338, 20341, 20341, 20343, 20354, 20354, 20356, 20357, 20360, 20364, 20367, 20374, 20374, 20381, 20382, 20382, 20384, 20387, 20392, 20393, 
20395, 20402, 20404, 20416, 20416, 20417, 20417, 20417, 20419, 20421, 20422, 20425, 20427, 20433, 20434, 20445, 20449, 20449, 20450, 20451, 
20455, 20457, 20461, 20462, 20464, 20464, 20466, 20473, 20475, 20475, 20477, 20477, 20480, 20482, 20483, 20486, 20489, 20490, 20494, 20503, 
20510, 20515, 20524, 20524, 20527, 20529, 20532, 20538, 20538, 20539, 20541, 20543, 20548, 20553, 20557, 20557, 20562, 20566, 20567, 20571, 
20577, 20578, 20578, 20581, 20581, 20584, 20595, 20596, 20599, 20601, 20601, 20602, 20605, 20609, 20610, 20610, 20616, 20621, 20621, 20627, 
20632, 20634, 20641, 20642, 20644, 20644, 20644, 20646, 20649, 20649, 20650, 20653, 20655, 20657, 20664, 20665, 20667, 20667, 20667, 20667, 
20668, 20672, 20672, 20676, 20687, 20696, 20701, 20704, 20711, 20711, 20715, 20719, 20723, 20724, 20728, 20728, 20732, 20736, 20737, 20737, 
20742, 20748, 20760, 20761, 20761, 20770, 20771, 20771, 20779, 20782, 20784, 20785, 20786, 20791, 20796, 20799, 20800, 20800, 20800, 20801, 
20802, 20803, 20804, 20806, 20806, 20808, 20826, 20830, 20831, 20835, 20839, 20841, 20843, 20849, 20852, 20852, 20856, 20865, 20878, 20878, 
20889, 20890, 20894, 20896, 20900, 20901, 20904, 20913, 20914, 20918, 20921, 20921, 20926, 20940, 20944, 20945, 20945, 20946, 20950, 20956, 
20968, 20968, 20968, 20969, 20973, 20976, 20980, 20980, 20988, 20990, 20991, 20998, 20999, 21002, 21003, 21004, 21006, 21007, 21012, 21016, 
21017, 21026, 21026, 21027, 21028, 21029, 21029, 21029, 21034, 21034, 21048, 21048, 21052, 21053, 21055, 21061, 21068, 21070, 21071, 21073, 
21075, 21079, 21081, 21081, 21081, 21082, 21083, 21083, 21083, 21084, 21086, 21087, 21091, 21099, 21099, 21099, 21101, 21101, 21105, 21109, 
21110, 21110, 21112, 21114, 21114, 21116, 21116, 21120, 21120, 21130, 21133, 21136, 21137, 21137, 21139, 21144, 21154, 21155, 21157, 21158, 
21164, 21165, 21169, 21175, 21184, 21185, 21185, 21185, 21189, 21197, 21198, 21203, 21220, 21222, 21222, 21229, 21229, 21229, 21230, 21230, 
21235, 21239, 21242, 21245, 21253, 21257, 21261, 21264, 21266, 21268, 21268, 21272, 21277, 21285, 21287, 21290, 21291, 21292, 21293, 21294, 
21294, 21296, 21299, 21301, 21302, 21302, 21303, 21314, 21314, 21319, 21322, 21322, 21324, 21331, 21338, 21342, 21346, 21347, 21351, 21352, 
21355, 21359, 21359, 21364, 21365, 21368, 21368, 21375, 21375, 21375, 21376, 21377, 21379, 21380, 21383, 21389, 21390, 21397, 21410, 21412, 
21412, 21414, 21415, 21417, 21417, 21420, 21420, 21425, 21426, 21427, 21431, 21431, 21434, 21434, 21436, 21440, 21448, 21449, 21449, 21458, 
21458, 21460, 21463, 21466, 21466, 21475, 21477, 21477, 21479, 21480, 21480, 21480, 21481, 21487, 21488, 21494, 21497, 21498, 21502, 21502, 
21506, 21512, 21518, 21519, 21521, 21529, 21532, 21536, 21539, 21544, 21546, 21548, 21548, 21549, 21556, 21562, 21563, 21563, 21564, 21565, 
21568, 21576, 21577, 21578, 21579, 21581, 21591, 21596, 21597, 21599, 21600, 21605, 21606, 21615, 21618, 21618, 21623, 21625, 21631, 21633, 
21635, 21642, 21650, 21650, 21651, 21654, 21659, 21660, 21662, 21666, 21672, 21684, 21686, 21692, 21694, 21695, 21703, 21705, 21706, 21707, 
21709, 21710, 21711, 21714, 21718, 21719, 21725, 21725, 21727, 21727, 21728, 21736, 21736, 21739, 21751, 21754, 21755, 21757, 21760, 21763, 
21764, 21767, 21769, 21779, 21782, 21788, 21789, 21793, 21794, 21795, 21798, 21806, 21814, 21815, 21818, 21824, 21828, 21829, 21840, 21841, 
21842, 21846, 21847, 21857, 21858, 21859, 21860, 21861, 21863, 21867, 21868, 21872, 21874, 21876, 21881, 21882, 21882, 21885, 21886, 21888, 
21889, 21891, 21893, 21895, 21896, 21902, 21902, 21907, 21908, 21910, 21912, 21914, 21921, 21927, 21931, 21936, 21946, 21946, 21949, 21949, 
21955, 21961, 21963, 21964, 21968, 21969, 21971, 21975, 21980, 21980, 21981, 21983, 21985, 21985, 21985, 21986, 21988, 21992, 22003, 22006, 
22013, 22015, 22016, 22016, 22016, 22019, 22025, 22033, 22034, 22038, 22044, 22045, 22046, 22051, 22053, 22057, 22062, 22071, 22071, 22086, 
22086, 22087, 22091, 22093, 22105, 22106, 22106, 22107, 22130, 22134, 22134, 22140, 22143, 22149, 22152, 22154, 22160, 22162, 22163, 22166, 
22167, 22168, 22168, 22172, 22174, 22175, 22178, 22179, 22187, 22188, 22191, 22195, 22196, 22196, 22198, 22198, 22200, 22212, 22215, 22217, 
22219, 22223, 22224, 22226, 22230, 22234, 22234, 22238, 22242, 22250, 22256, 22267, 22271, 22277, 22279, 22280, 22285, 22291, 22291, 22292, 
22295, 22297, 22299, 22302, 22308, 22313, 22314, 22317, 22319, 22323, 22333, 22335, 22337, 22337, 22337, 22339, 22343, 22346, 22349, 22354, 
22356, 22357, 22362, 22364, 22372, 22373, 22379, 22384, 22386, 22387, 22400, 22406, 22410, 22412, 22414, 22415, 22422, 22425, 22426, 22427, 
22428, 22429, 22432, 22432, 22444, 22444, 22445, 22445, 22455, 22467, 22472, 22483, 22484, 22489, 22491, 22491, 22493, 22493, 22495, 22496, 
22497, 22502, 22502, 22510, 22512, 22513, 22515, 22526, 22531, 22533, 22537, 22540, 22550, 22550, 22551, 22567, 22568, 22571, 22572, 22575, 
22579, 22587, 22591, 22594, 22594, 22594, 22598, 22600, 22603, 22605, 22605, 22609, 22620, 22620, 22621, 22623, 22630, 22631, 22633, 22639, 
22639, 22641, 22641, 22643, 22647, 22649, 22651, 22659, 22660, 22663, 22664, 22668, 22669, 22676, 22676, 22678, 22679, 22686, 22689, 22702, 
22704, 22705, 22709, 22711, 22712, 22716, 22717, 22717, 22721, 22726, 22730, 22741, 22742, 22742, 22750, 22751, 22756, 22759, 22761, 22763, 
22770, 22778, 22795, 22796, 22796, 22799, 22809, 22814, 22816, 22817, 22824, 22827, 22829, 22831, 22832, 22833, 22833, 22838, 22840, 22845, 
22849, 22851, 22851, 22852, 22859, 22861, 22862, 22868, 22870, 22870, 22870, 22886, 22886, 22889, 22893, 22894, 22898, 22903, 22909, 22911, 
22911, 22913, 22913, 22914, 22918, 22926, 22930, 22943, 22944, 22947, 22952, 22956, 22957, 22958, 22967, 22970, 22972, 22973, 22973, 22975, 
22975, 22979, 22989, 22991, 22999, 23000, 23001, 23016, 23017, 23018, 23023, 23024, 23025, 23035, 23036, 23039, 23042, 23044, 23059, 23062, 
23062, 23062, 23072, 23073, 23074, 23077, 23083, 23086, 23089, 23093, 23102, 23106, 23106, 23113, 23116, 23117, 23118, 23145, 23147, 23148, 
23153, 23153, 23155, 23156, 23159, 23163, 23166, 23167, 23169, 23172, 23176, 23180, 23184, 23187, 23189, 23193, 23195, 23196, 23197, 23200, 
23202, 23203, 23206, 23207, 23208, 23210, 23211, 23213, 23214, 23217, 23225, 23226, 23232, 23235, 23240, 23244, 23246, 23246, 23249, 23252, 
23257, 23257, 23259, 23260, 23263, 23264, 23267, 23268, 23272, 23274, 23278, 23278, 23280, 23282, 23284, 23289, 23290, 23291, 23291, 23293, 
23297, 23297, 23299, 23306, 23319, 23323, 23325, 23327, 23328, 23333, 23336, 23337, 23341, 23341, 23343, 23356, 23356, 23366, 23371, 23376, 
23378, 23379, 23381, 23387, 23388, 23389, 23391, 23392, 23393, 23397, 23397, 23400, 23401, 23408, 23410, 23413, 23426, 23440, 23446, 23449, 
23455, 23456, 23459, 23462, 23482, 23484, 23487, 23487, 23488, 23489, 23493, 23496, 23502, 23505, 23512, 23526, 23530, 23533, 23534, 23536, 
23536, 23543, 23547, 23553, 23557, 23563, 23567, 23570, 23573, 23578, 23587, 23589, 23590, 23593, 23593, 23595, 23615, 23623, 23624, 23625, 
23628, 23631, 23636, 23639, 23640, 23644, 23647, 23647, 23651, 23656, 23657, 23662, 23667, 23669, 23670, 23671, 23672, 23674, 23676, 23682, 
23684, 23685, 23693, 23695, 23700, 23701, 23706, 23714, 23715, 23715, 23718, 23719, 23725, 23726, 23730, 23743, 23744, 23751, 23754, 23755, 
23755, 23758, 23758, 23761, 23763, 23774, 23775, 23776, 23776, 23780, 23792, 23792, 23793, 23806, 23812, 23816, 23818, 23822, 23827, 23827, 
23832, 23834, 23835, 23838, 23839, 23841, 23845, 23848, 23849, 23850, 23850, 23851, 23852, 23856, 23857, 23860, 23866, 23866, 23870, 23874, 
23876, 23877, 23889, 23894, 23902, 23907, 23918, 23923, 23931, 23932, 23935, 23937, 23942, 23942, 23947, 23948, 23949, 23953, 23954, 23955, 
23956, 23961, 23962, 23966, 23967, 23968, 23972, 23978, 23979, 23987, 23988, 23988, 23989, 23991, 23991, 23993, 23994, 23995, 24008, 24008, 
24009, 24014, 24015, 24017, 24020, 24022, 24024, 24024, 24028, 24029, 24029, 24034, 24038, 24042, 24042, 24050, 24051, 24053, 24057, 24058, 
24062, 24062, 24066, 24070, 24073, 24076, 24082, 24083, 24084, 24084, 24085, 24086, 24088, 24091, 24100, 24106, 24115, 24116, 24118, 24119, 
24121, 24123, 24125, 24126, 24130, 24141, 24147, 24148, 24150, 24156, 24161, 24162, 24169, 24170, 24170, 24172, 24172, 24177, 24180, 24183, 
24192, 24193, 24196, 24197, 24197, 24200, 24209, 24210, 24210, 24215, 24217, 24222, 24224, 24228, 24230, 24231, 24233, 24235, 24238, 24242, 
24243, 24244, 24246, 24248, 24252, 24253, 24255, 24259, 24264, 24272, 24273, 24273, 24278, 24288, 24291, 24291, 24297, 24301, 24308, 24309, 
24313, 24313, 24315, 24321, 24327, 24333, 24336, 24337, 24347, 24348, 24349, 24351, 24352, 24354, 24354, 24356, 24366, 24371, 24371, 24373, 
24381, 24383, 24388, 24388, 24390, 24391, 24391, 24394, 24394, 24396, 24400, 24400, 24402, 24404, 24405, 24406, 24408, 24408, 24409, 24413, 
24418, 24421, 24424, 24430, 24436, 24440, 24442, 24451, 24456, 24460, 24465, 24465, 24473, 24474, 24475, 24475, 24478, 24479, 24485, 24485, 
24486, 24488, 24489, 24498, 24500, 24509, 24513, 24515, 24516, 24521, 24522, 24525, 24527, 24535, 24538, 24541, 24542, 24545, 24547, 24548, 
24556, 24558, 24561, 24566, 24566, 24568, 24573, 24589, 24592, 24593, 24594, 24594, 24594, 24597, 24598, 24600, 24605, 24609, 24613, 24617, 
24619, 24619, 24621, 24621, 24622, 24627, 24629, 24638, 24639, 24640, 24643, 24644, 24645, 24649, 24653, 24654, 24669, 24672, 24677, 24683, 
24685, 24689, 24697, 24697, 24697, 24702, 24706, 24706, 24708, 24711, 24712, 24720, 24723, 24725, 24728, 24728, 24730, 24737, 24741, 24744, 
24746, 24751, 24758, 24767, 24768, 24770, 24774, 24774, 24775, 24779, 24780, 24792, 24797, 24799, 24801, 24809, 24814, 24816, 24817, 24829, 
24829, 24829, 24829, 24834, 24835, 24838, 24838, 24845, 24848, 24849, 24854, 24856, 24866, 24869, 24871, 24893, 24899, 24902, 24907, 24909, 
24909, 24918, 24920, 24920, 24926, 24938, 24943, 24947, 24947, 24949, 24950, 24956, 24957, 24957, 24958, 24959, 24960, 24962, 24963, 24967, 
24969, 24971, 24973, 24973, 24979, 24980, 24980, 24982, 24986, 24987, 24988, 24989, 24989, 24993, 24999, 25000, 25001, 25006, 25009, 25012, 
25013, 25014, 25021, 25024, 25028, 25033, 25043, 25044, 25046, 25049, 25051, 25053, 25059, 25062, 25066, 25066, 25067, 25070, 25071, 25073, 
25079, 25080, 25087, 25088, 25090, 25095, 25096, 25101, 25103, 25105, 25107, 25108, 25112, 25116, 25129, 25129, 25129, 25135, 25136, 25142, 
25150, 25163, 25163, 25163, 25168, 25168, 25169, 25185, 25189, 25189, 25191, 25192, 25192, 25198, 25200, 25201, 25206, 25216, 25220, 25231, 
25234, 25237, 25240, 25249, 25250, 25254, 25255, 25261, 25265, 25265, 25270, 25270, 25270, 25284, 25287, 25291, 25294, 25297, 25303, 25304, 
25305, 25307, 25312, 25314, 25315, 25316, 25317, 25317, 25317, 25319, 25319, 25322, 25329, 25330, 25332, 25334, 25343, 25344, 25346, 25348, 
25353, 25359, 25359, 25362, 25368, 25370, 25381, 25386, 25387, 25388, 25392, 25392, 25396, 25396, 25403, 25403, 25404, 25412, 25412, 25413, 
25413, 25420, 25422, 25423, 25424, 25429, 25430, 25435, 25437, 25443, 25446, 25450, 25453, 25453, 25456, 25457, 25459, 25466, 25472, 25473, 
25477, 25485, 25492, 25497, 25503, 25503, 25509, 25517, 25519, 25520, 25523, 25525, 25530, 25531, 25533, 25536, 25542, 25543, 25545, 25548, 
25548, 25548, 25548, 25561, 25562, 25562, 25564, 25566, 25567, 25574, 25576, 25585, 25588, 25590, 25590, 25595, 25599, 25600, 25604, 25606, 
25606, 25607, 25609, 25611, 25616, 25617, 25620, 25621, 25625, 25628, 25630, 25632, 25632, 25634, 25637, 25644, 25646, 25647, 25657, 25657, 
25668, 25669, 25674, 25675, 25679, 25680, 25680, 25681, 25683, 25685, 25687, 25688, 25691, 25698, 25706, 25706, 25707, 25710, 25711, 25714, 
25722, 25723, 25727, 25735, 25740, 25740, 25751, 25757, 25760, 25761, 25761, 25771, 25775, 25777, 25784, 25786, 25791, 25791, 25792, 25792, 
25795, 25806, 25808, 25809, 25810, 25811, 25813, 25813, 25814, 25816, 25817, 25821, 25823, 25825, 25825, 25828, 25829, 25829, 25835, 25837, 
25837, 25837, 25839, 25842, 25847, 25848, 25852, 25853, 25859, 25861, 25868, 25868, 25869, 25875, 25881, 25894, 25897, 25897, 25898, 25899, 
25900, 25904, 25918, 25923, 25924, 25925, 25927, 25929, 25937, 25952, 25957, 25961, 25968, 25971, 25975, 25977, 25979, 25982, 25989, 25991, 
25994, 25997, 26010, 26011, 26018, 26019, 26021, 26022, 26024, 26030, 26032, 26032, 26033, 26035, 26041, 26049, 26053, 26054, 26054, 26059, 
26060, 26064, 26068, 26069, 26073, 26075, 26100, 26100, 26100, 26102, 26103, 26104, 26108, 26113, 26114, 26115, 26116, 26120, 26123, 26125, 
26125, 26127, 26127, 26130, 26134, 26135, 26141, 26142, 26142, 26151, 26153, 26154, 26155, 26161, 26161, 26163, 26174, 26177, 26178, 26183, 
26195, 26198, 26200, 26201, 26201, 26202, 26204, 26207, 26217, 26218, 26223, 26223, 26225, 26227, 26227, 26232, 26249, 26251, 26254, 26256, 
26261, 26261, 26261, 26265, 26269, 26270, 26270, 26272, 26282, 26289, 26292, 26293, 26298, 26300, 26303, 26304, 26309, 26313, 26321, 26322, 
26325, 26334, 26344, 26344, 26347, 26351, 26359, 26360, 26363, 26364, 26364, 26365, 26386, 26386, 26387, 26393, 26394, 26394, 26395, 26396, 
26397, 26412, 26413, 26416, 26419, 26420, 26424, 26425, 26426, 26429, 26430, 26430, 26432, 26435, 26436, 26438, 26440, 26440, 26444, 26445, 
26459, 26460, 26464, 26468, 26469, 26472, 26478, 26485, 26489, 26490, 26490, 26496, 26501, 26505, 26510, 26513, 26518, 26519, 26526, 26529, 
26535, 26540, 26543, 26546, 26550, 26556, 26560, 26566, 26570, 26574, 26577, 26579, 26585, 26588, 26589, 26606, 26611, 26611, 26612, 26614, 
26616, 26618, 26624, 26625, 26631, 26633, 26633, 26634, 26634, 26635, 26638, 26642, 26646, 26654, 26659, 26659, 26659, 26661, 26665, 26668, 
26674, 26680, 26686, 26693, 26701, 26702, 26706, 26706, 26707, 26721, 26722, 26728, 26729, 26738, 26741, 26743, 26747, 26748, 26755, 26757, 
26757, 26759, 26759, 26778, 26782, 26782, 26782, 26785, 26785, 26788, 26791, 26793, 26793, 26794, 26799, 26804, 26805, 26807, 26807, 26808, 
26810, 26812, 26815, 26815, 26817, 26820, 26822, 26825, 26827, 26831, 26831, 26836, 26842, 26842, 26843, 26844, 26844, 26848, 26851, 26851, 
26858, 26860, 26863, 26866, 26866, 26867, 26868, 26870, 26873, 26875, 26881, 26887, 26888, 26891, 26897, 26898, 26898, 26901, 26906, 26910, 
26913, 26914, 26914, 26915, 26920, 26920, 26920, 26922, 26925, 26926, 26928, 26928, 26929, 26935, 26944, 26947, 26947, 26948, 26949, 26950, 
26956, 26959, 26963, 26967, 26970, 26975, 26980, 26980, 26981, 26983, 26985, 26985, 26995, 27000, 27006, 27007, 27008, 27009, 27028, 27033, 
27038, 27038, 27039, 27039, 27044, 27046, 27049, 27054, 27065, 27066, 27066, 27068, 27074, 27078, 27080, 27081, 27086, 27086, 27086, 27089, 
27090, 27092, 27092, 27095, 27099, 27099, 27102, 27104, 27110, 27110, 27111, 27117, 27118, 27120, 27124, 27124, 27125, 27125, 27138, 27142, 
27148, 27149, 27150, 27152, 27153, 27158, 27162, 27166, 27169, 27171, 27172, 27183, 27183, 27185, 27190, 27196, 27197, 27201, 27202, 27206, 
27213, 27214, 27217, 27220, 27223, 27225, 27226, 27237, 27239, 27252, 27253, 27255, 27257, 27262, 27264, 27265, 27273, 27274, 27278, 27284, 
27286, 27291, 27294, 27295, 27297, 27297, 27298, 27303, 27312, 27319, 27322, 27324, 27328, 27331, 27339, 27349, 27351, 27353, 27359, 27359, 
27363, 27367, 27369, 27371, 27372, 27373, 27377, 27385, 27389, 27391, 27394, 27396, 27396, 27397, 27398, 27402, 27402, 27416, 27417, 27423, 
27428, 27431, 27433, 27433, 27438, 27441, 27442, 27443, 27444, 27445, 27446, 27447, 27447, 27451, 27452, 27466, 27479, 27480, 27480, 27490, 
27492, 27501, 27503, 27505, 27506, 27507, 27513, 27519, 27524, 27530, 27531, 27532, 27532, 27533, 27537, 27542, 27551, 27554, 27558, 27560, 
27561, 27577, 27578, 27578, 27578, 27579, 27580, 27581, 27584, 27588, 27588, 27588, 27591, 27594, 27595, 27596, 27597, 27603, 27603, 27603, 
27607, 27608, 27610, 27611, 27612, 27617, 27618, 27622, 27625, 27626, 27627, 27630, 27633, 27634, 27634, 27645, 27650, 27650, 27650, 27652, 
27657, 27661, 27664, 27667, 27667, 27668, 27670, 27672, 27682, 27685, 27690, 27693, 27701, 27704, 27706, 27712, 27715, 27720, 27726, 27726, 
27727, 27731, 27733, 27735, 27741, 27744, 27746, 27754, 27754, 27755, 27757, 27760, 27761, 27762, 27768, 27770, 27771, 27782, 27783, 27792, 
27793, 27796, 27800, 27800, 27805, 27810, 27814, 27819, 27819, 27823, 27825, 27826, 27830, 27831, 27832, 27835, 27838, 27842, 27843, 27844, 
27845, 27871, 27874, 27877, 27880, 27884, 27893, 27893, 27893, 27897, 27902, 27910, 27919, 27919, 27929, 27931, 27932, 27933, 27935, 27937, 
27937, 27939, 27941, 27945, 27954, 27955, 27956, 27957, 27959, 27960, 27965, 27968, 27973, 27983, 27983, 27987, 27989, 27994, 27995, 27996, 
27997, 28000, 28009, 28010, 28016, 28020, 28022, 28023, 28024, 28027, 28028, 28030, 28042, 28043, 28045, 28048, 28049, 28050, 28051, 28052, 
28053, 28054, 28055, 28062, 28067, 28071, 28075, 28075, 28075, 28075, 28083, 28083, 28085, 28087, 28092, 28095, 28100, 28100, 28102, 28103, 
28103, 28104, 28113, 28117, 28119, 28120, 28126, 28129, 28131, 28135, 28135, 28136, 28138, 28146, 28149, 28150, 28163, 28165, 28167, 28169, 
28181, 28183, 28185, 28188, 28197, 28198, 28209, 28212, 28213, 28214, 28214, 28221, 28222, 28222, 28224, 28224, 28224, 28225, 28228, 28231, 
28234, 28236, 28238, 28241, 28246, 28247, 28252, 28252, 28253, 28254, 28256, 28263, 28263, 28265, 28265, 28275, 28276, 28278, 28287, 28287, 
28288, 28290, 28291, 28291, 28296, 28297, 28298, 28298, 28300, 28302, 28302, 28305, 28314, 28316, 28316, 28318, 28319, 28319, 28322, 28324, 
28326, 28344, 28344, 28349, 28351, 28351, 28357, 28365, 28367, 28367, 28369, 28383, 28392, 28393, 28393, 28394, 28397, 28401, 28403, 28407, 
28411, 28412, 28423, 28424, 28429, 28433, 28434, 28434, 28441, 28442, 28443, 28447, 28450, 28452, 28455, 28459, 28459, 28464, 28465, 28466, 
28470, 28470, 28471, 28477, 28487, 28488, 28489, 28490, 28499, 28500, 28502, 28504, 28505, 28506, 28511, 28521, 28523, 28523, 28528, 28533, 
28533, 28537, 28538, 28541, 28541, 28542, 28549, 28565, 28570, 28571, 28578, 28581, 28584, 28584, 28585, 28593, 28593, 28593, 28597, 28600, 
28600, 28600, 28602, 28604, 28604, 28608, 28609, 28612, 28615, 28618, 28622, 28622, 28623, 28628, 28631, 28631, 28634, 28639, 28640, 28642, 
28643, 28647, 28650, 28651, 28653, 28656, 28665, 28665, 28667, 28673, 28681, 28682, 28686, 28690, 28693, 28704, 28704, 28704, 28705, 28711, 
28713, 28718, 28718, 28729, 28732, 28734, 28736, 28737, 28739, 28743, 28746, 28746, 28748, 28752, 28753, 28753, 28762, 28762, 28766, 28769, 
28774, 28782, 28783, 28787, 28792, 28792, 28794, 28797, 28799, 28802, 28804, 28805, 28816, 28819, 28820, 28823, 28826, 28827, 28828, 28828, 
28835, 28836, 28839, 28842, 28843, 28848, 28850, 28855, 28857, 28863, 28865, 28870, 28871, 28874, 28879, 28885, 28886, 28889, 28889, 28893, 
28901, 28902, 28909, 28943, 28946, 28947, 28948, 28954, 28957, 28961, 28963, 28964, 28966, 28966, 28970, 28971, 28979, 28982, 28983, 28984, 
28996, 29002, 29004, 29008, 29008, 29012, 29012, 29019, 29023, 29024, 29028, 29030, 29034, 29041, 29043, 29046, 29053, 29054, 29060, 29064, 
29066, 29072, 29074, 29075, 29076, 29082, 29082, 29083, 29087, 29088, 29092, 29103, 29106, 29109, 29116, 29117, 29123, 29127, 29131, 29131, 
29133, 29142, 29145, 29146, 29147, 29152, 29153, 29154, 29157, 29158, 29169, 29171, 29172, 29174, 29175, 29175, 29183, 29194, 29198, 29201, 
29202, 29205, 29205, 29214, 29214, 29219, 29222, 29222, 29230, 29236, 29236, 29236, 29237, 29241, 29248, 29250, 29251, 29254, 29257, 29261, 
29261, 29265, 29272, 29272, 29277, 29285, 29286, 29289, 29293, 29293, 29300, 29302, 29310, 29310, 29314, 29314, 29315, 29324, 29332, 29335, 
29335, 29338, 29339, 29344, 29349, 29351, 29353, 29356, 29357, 29359, 29362, 29362, 29369, 29373, 29383, 29384, 29385, 29391, 29398, 29401, 
29409, 29410, 29412, 29415, 29422, 29422, 29427, 29428, 29430, 29441, 29445, 29446, 29448, 29449, 29459, 29466, 29468, 29473, 29479, 29483, 
29484, 29487, 29493, 29495, 29500, 29504, 29511, 29512, 29516, 29522, 29528, 29542, 29543, 29552, 29555, 29556, 29557, 29557, 29557, 29557, 
29558, 29560, 29561, 29562, 29563, 29566, 29567, 29570, 29578, 29579, 29592, 29599, 29609, 29611, 29614, 29615, 29617, 29618, 29618, 29622, 
29644, 29647, 29648, 29649, 29656, 29657, 29658, 29659, 29666, 29667, 29669, 29670, 29673, 29675, 29677, 29679, 29682, 29682, 29687, 29689, 
29697, 29699, 29701, 29704, 29705, 29708, 29711, 29715, 29720, 29721, 29724, 29727, 29729, 29732, 29734, 29735, 29739, 29741, 29742, 29744, 
29745, 29750, 29756, 29757, 29759, 29762, 29764, 29767, 29767, 29768, 29769, 29769, 29773, 29778, 29789, 29790, 29791, 29796, 29802, 29808, 
29813, 29814, 29815, 29816, 29832, 29832, 29833, 29834, 29847, 29850, 29855, 29856, 29856, 29858, 29860, 29864, 29867, 29870, 29870, 29874, 
29877, 29878, 29882, 29892, 29898, 29902, 29906, 29908, 29910, 29911, 29916, 29916, 29917, 29927, 29930, 29935, 29936, 29939, 29943, 29943, 
29948, 29955, 29956, 29957, 29959, 29960, 29963, 29968, 29973, 29976, 29978, 29980, 29982, 29987, 29994, 29995, 29996, 29997, 30001, 30004, 
30013, 30013, 30015, 30021, 30029, 30032, 30033, 30034, 30038, 30039, 30042, 30042, 30045, 30049, 30050, 30054, 30058, 30058, 30060, 30063, 
30067, 30075, 30077, 30080, 30081, 30081, 30081, 30089, 30094, 30096, 30097, 30099, 30102, 30102, 30103, 30103, 30104, 30105, 30107, 30107, 
30110, 30112, 30115, 30119, 30119, 30120, 30121, 30122, 30128, 30130, 30133, 30135, 30138, 30145, 30146, 30149, 30149, 30150, 30161, 30169, 
30169, 30170, 30175, 30176, 30181, 30181, 30184, 30186, 30189, 30190, 30192, 30196, 30196, 30210, 30212, 30213, 30220, 30222, 30227, 30228, 
30228, 30232, 30232, 30239, 30242, 30243, 30246, 30260, 30261, 30266, 30269, 30271, 30271, 30271, 30272, 30284, 30285, 30286, 30291, 30294, 
30300, 30301, 30302, 30302, 30304, 30309, 30310, 30314, 30317, 30319, 30321, 30324, 30324, 30334, 30336, 30337, 30338, 30339, 30340, 30346, 
30351, 30355, 30370, 30371, 30373, 30383, 30384, 30387, 30389, 30390, 30394, 30394, 30396, 30397, 30398, 30403, 30407, 30413, 30423, 30425, 
30433, 30433, 30433, 30436, 30438, 30440, 30440, 30445, 30445, 30449, 30467, 30471, 30471, 30473, 30476, 30477, 30479, 30480, 30488, 30498, 
30498, 30499, 30499, 30499, 30500, 30503, 30504, 30504, 30510, 30511, 30512, 30519, 30520, 30523, 30524, 30525, 30525, 30526, 30528, 30529, 
30539, 30539, 30543, 30549, 30555, 30556, 30557, 30557, 30563, 30566, 30568, 30569, 30572, 30574, 30575, 30579, 30581, 30582, 30583, 30584, 
30586, 30587, 30590, 30592, 30615, 30624, 30625, 30629, 30631, 30634, 30635, 30643, 30644, 30649, 30651, 30655, 30665, 30666, 30666, 30667, 
30669, 30673, 30675, 30683, 30694, 30696, 30703, 30704, 30709, 30713, 30714, 30715, 30717, 30722, 30732, 30733, 30737, 30740, 30743, 30745, 
30751, 30753, 30754, 30760, 30772, 30775, 30776, 30784, 30787, 30788, 30793, 30793, 30795, 30805, 30807, 30808, 30809, 30812, 30815, 30817, 
30826, 30834, 30834, 30837, 30837, 30838, 30838, 30839, 30839, 30844, 30846, 30857, 30857, 30859, 30863, 30868, 30871, 30874, 30874, 30876, 
30877, 30877, 30878, 30882, 30884, 30884, 30884, 30885, 30885, 30886, 30901, 30906, 30907, 30907, 30907, 30911, 30917, 30922, 30922, 30930, 
30930, 30932, 30933, 30936, 30936, 30944, 30947, 30948, 30952, 30954, 30955, 30960, 30961, 30972, 30972, 30974, 30975, 30975, 30978, 30980, 
30991, 30992, 30998, 31000, 31001, 31002, 31004, 31005, 31009, 31016, 31021, 31023, 31033, 31034, 31035, 31037, 31042, 31043, 31052, 31057, 
31061, 31064, 31066, 31066, 31066, 31067, 31069, 31072, 31075, 31078, 31089, 31090, 31095, 31099, 31099, 31100, 31102, 31103, 31104, 31108, 
31112, 31112, 31116, 31120, 31122, 31123, 31127, 31128, 31140, 31143, 31147, 31149, 31150, 31152, 31154, 31156, 31156, 31160, 31164, 31166, 
31169, 31173, 31174, 31176, 31181, 31185, 31186, 31197, 31198, 31200, 31203, 31204, 31211, 31216, 31220, 31220, 31222, 31227, 31231, 31239, 
31241, 31245, 31246, 31249, 31251, 31257, 31259, 31261, 31262, 31263, 31270, 31271, 31275, 31275, 31277, 31284, 31287, 31303, 31311, 31311, 
31312, 31314, 31315, 31317, 31322, 31323, 31330, 31331, 31340, 31348, 31349, 31350, 31352, 31358, 31362, 31366, 31372, 31372, 31376, 31377, 
31392, 31396, 31414, 31418, 31418, 31419, 31427, 31427, 31430, 31442, 31444, 31448, 31451, 31454, 31459, 31462, 31462, 31464, 31465, 31468, 
31469, 31477, 31479, 31481, 31491, 31494, 31494, 31496, 31497, 31498, 31500, 31503, 31504, 31505, 31506, 31507, 31521, 31523, 31524, 31532, 
31540, 31540, 31541, 31544, 31545, 31548, 31551, 31553, 31557, 31560, 31562, 31566, 31578, 31580, 31585, 31586, 31588, 31589, 31592, 31594, 
31595, 31598, 31598, 31598, 31599, 31600, 31602, 31621, 31621, 31623, 31624, 31624, 31627, 31628, 31630, 31634, 31635, 31636, 31642, 31642, 
31648, 31655, 31656, 31658, 31666, 31666, 31668, 31669, 31673, 31674, 31677, 31681, 31685, 31687, 31688, 31689, 31691, 31697, 31700, 31709, 
31718, 31719, 31720, 31721, 31724, 31725, 31737, 31742, 31745, 31745, 31749, 31751, 31755, 31755, 31759, 31763, 31769, 31783, 31784, 31786, 
31787, 31789, 31795, 31797, 31806, 31808, 31808, 31810, 31811, 31813, 31819, 31826, 31827, 31832, 31834, 31844, 31845, 31852, 31858, 31864, 
31865, 31871, 31881, 31885, 31889, 31897, 31902, 31908, 31908, 31912, 31914, 31919, 31919, 31921, 31921, 31924, 31929, 31931, 31935, 31935, 
31943, 31948, 31959, 31976, 31982, 31983, 31988, 31989, 31991, 31994, 31999, 32000, 32001, 32015, 32019, 32020, 32021, 32030, 32037, 32047, 
32047, 32049, 32049, 32049, 32051, 32051, 32052, 32054, 32058, 32059, 32061, 32061, 32072, 32073, 32075, 32076, 32081, 32081, 32092, 32094, 
32095, 32098, 32101, 32107, 32109, 32114, 32120, 32123, 32126, 32129, 32134, 32135, 32137, 32139, 32144, 32144, 32146, 32146, 32146, 32147, 
32152, 32153, 32169, 32170, 32171, 32172, 32174, 32175, 32175, 32177, 32178, 32180, 32180, 32183, 32183, 32185, 32190, 32191, 32196, 32197, 
32201, 32204, 32208, 32210, 32210, 32213, 32225, 32227, 32227, 32236, 32238, 32241, 32253, 32253, 32256, 32258, 32262, 32263, 32269, 32271, 
32271, 32272, 32272, 32278, 32296, 32298, 32302, 32303, 32305, 32307, 32314, 32316, 32323, 32328, 32332, 32341, 32342, 32351, 32354, 32357, 
32359, 32362, 32363, 32365, 32365, 32372, 32373, 32381, 32383, 32390, 32390, 32392, 32404, 32405, 32406, 32408, 32408, 32419, 32421, 32426, 
32426, 32440, 32445, 32469, 32470, 32472, 32472, 32477, 32483, 32483, 32486, 32488, 32488, 32489, 32491, 32499, 32500, 32502, 32504, 32506, 
32507, 32511, 32515, 32515, 32518, 32522, 32524, 32525, 32526, 32526, 32529, 32529, 32531, 32534, 32538, 32545, 32545, 32556, 32558, 32570, 
32571, 32582, 32582, 32585, 32589, 32590, 32592, 32593, 32600, 32605, 32607, 32607, 32608, 32610, 32612, 32613, 32619, 32622, 32622, 32625, 
32628, 32629, 32630, 32630, 32634, 32638, 32644, 32648, 32652, 32653, 32653, 32656, 32658, 32660, 32662, 32663, 32663, 32664, 32667, 32669, 
32671, 32672, 32677, 32678, 32678, 32679, 32680, 32684, 32685, 32686, 32687, 32693, 32693, 32702, 32703, 32703, 32703, 32704, 32706, 32707, 
32708, 32708, 32716, 32719, 32720, 32720, 32725, 32727, 32730, 32736, 32737, 32738, 32746, 32750, 32757, 32758, 32760, 32760, 32765, 32766, 
]
